	T4	T5	T3	T2	T1	protein
T4	6.84154e-05	6.56001e-05	5.6922e-05	6.60202e-05	5.66457e-05	2.02777e-05
T5	6.56001e-05	6.96079e-05	5.35868e-05	8.41756e-05	5.91408e-05	1.97404e-05
T3	5.6922e-05	5.35868e-05	0.000114299	3.49256e-05	3.45942e-05	3.24801e-05
T2	6.60202e-05	8.41756e-05	3.49256e-05	0.000213617	5.87135e-05	2.27604e-05
T1	5.66457e-05	5.91408e-05	3.45942e-05	5.87135e-05	0.000204974	1.8148e-05
protein	2.02777e-05	1.97404e-05	3.24801e-05	2.27604e-05	1.8148e-05	0.00018676
