	T4	T5	T3	T2	T1	protein
T4	2.77939e-05	2.70883e-05	2.39393e-05	2.65227e-05	2.74099e-05	1.79934e-06
T5	2.70883e-05	2.9892e-05	2.30675e-05	3.597e-05	2.88075e-05	1.57848e-06
T3	2.39393e-05	2.30675e-05	5.34325e-05	1.52862e-05	1.71617e-05	7.75158e-06
T2	2.65227e-05	3.597e-05	1.52862e-05	9.77131e-05	2.85967e-05	3.52384e-06
T1	2.74099e-05	2.88075e-05	1.71617e-05	2.85967e-05	0.000103712	-3.99258e-06
protein	1.79934e-06	1.57848e-06	7.75158e-06	3.52384e-06	-3.99258e-06	9.91151e-05
